Сортировка массива #1
10.0 9.0 8.0 7.0 6.0 5.0 4.0 3.0 2.0 1.0 
1.0 | 10.0 9.0 8.0 7.0 6.0 5.0 4.0 3.0 2.0 
1.0 2.0 | 10.0 9.0 8.0 7.0 6.0 5.0 4.0 3.0 
1.0 2.0 3.0 | 10.0 9.0 8.0 7.0 6.0 5.0 4.0 
1.0 2.0 3.0 4.0 | 10.0 9.0 8.0 7.0 6.0 5.0 
1.0 2.0 3.0 4.0 5.0 | 10.0 9.0 8.0 7.0 6.0 
1.0 2.0 3.0 4.0 5.0 6.0 | 10.0 9.0 8.0 7.0 
1.0 2.0 3.0 4.0 5.0 6.0 7.0 | 10.0 9.0 8.0 
1.0 2.0 3.0 4.0 5.0 6.0 7.0 8.0 | 10.0 9.0 
1.0 2.0 3.0 4.0 5.0 6.0 7.0 8.0 9.0 | 10.0 
1.0 2.0 3.0 4.0 5.0 6.0 7.0 8.0 9.0 10.0 | 


Сортировка массива #2
-1.0 2.0 5.0 1.0 2.0 0.0 0.0 
-1.0 | 2.0 5.0 1.0 2.0 0.0 0.0 
-1.0 0.0 | 5.0 2.0 2.0 1.0 0.0 
-1.0 0.0 0.0 | 5.0 2.0 2.0 1.0 
-1.0 0.0 0.0 1.0 | 5.0 2.0 2.0 
-1.0 0.0 0.0 1.0 2.0 | 5.0 2.0 
-1.0 0.0 0.0 1.0 2.0 2.0 | 5.0 
-1.0 0.0 0.0 1.0 2.0 2.0 5.0 | 


Сортировка массива #3
3.0 2.0 
2.0 | 3.0 
2.0 3.0 | 


Сортировка массива #4
1.0 
1.0 | 


Сортировка массива #5
3.0 2.0 1.0 
1.0 | 3.0 2.0 
1.0 2.0 | 3.0 
1.0 2.0 3.0 | 


Сортировка массива #6
2.39 4.63 6.48 -4.0 7.24 
-4.0 | 4.63 6.48 2.39 7.24 
-4.0 2.39 | 6.48 4.63 7.24 
-4.0 2.39 4.63 | 6.48 7.24 
-4.0 2.39 4.63 6.48 | 7.24 
-4.0 2.39 4.63 6.48 7.24 | 


